-78.74	2.16
-78.60	1.94
-78.80	1.85
-78.91	1.85
-78.62	1.80
-78.74	1.77
-78.99	1.75
-78.99	1.64
-78.89	1.60
-78.85	1.55
-78.80	1.51
-78.84	1.46
-78.89	1.42
-78.94	1.37
-78.99	1.33
-78.98	1.28
-79.11	1.24
-79.12	1.20
-79.17	1.15
-79.43	1.11
-79.52	1.06
-79.57	1.02
-79.70	0.97
-79.79	0.93
-79.88	0.88
-80.02	0.84
-80.08	0.75
-80.09	0.71
-80.02	0.66
-79.98	0.62
-79.98	0.57
-80.02	0.53
-80.02	0.48
-79.97	0.44
-79.94	0.40
-79.96	0.36
-80.07	0.35
-79.98	0.31
-80.00	0.26
-80.02	0.22
-80.03	0.17
-80.04	0.13
-80.02	0.08
-80.06	0.04
-80.11	0.00
-80.16	-00.05
-80.21	-00.12
-80.29	-00.14
-80.35	-00.23
-80.40	-00.30
-80.45	-00.34
-80.40	-00.43
-80.37	-00.51
-80.38	-00.56
-80.30	-00.58
-80.34	-00.61
-80.23	-00.62
-80.42	-00.64
-80.45	-00.69
-80.48	-00.81
-80.52	-00.87
-80.58	-00.89
-80.65	-00.90
-80.71	-00.91
-80.76	-00.92
-80.80	-00.94
-80.84	-00.96
-80.89	-01.01
-80.87	-01.05
-80.86	-01.09
-80.85	-01.12
-80.83	-01.16
-80.78	-01.19
-80.74	-01.25
-80.71	-01.32
-80.73	-01.34
-80.72	-01.38
-80.74	-01.41
-80.76	-01.44
-80.77	-01.45
-80.80	-01.47
-80.79	-01.51
-80.82	-01.53
-80.82	-01.59
-80.79	-01.66
-80.76	-01.69
-80.74	-01.72
-80.74	-01.77
-80.71	-01.83
-80.70	-01.88
-80.72	-01.92
-80.74	-01.93
-80.71	-02.01
-79.85	-02.05
-80.70	-02.06
-79.82	-02.07
-79.80	-02.08
-80.73	-02.10
-80.76	-02.12
-79.79	-02.13
-80.79	-02.15
-80.99	-02.15
-79.80	-02.16
-80.95	-02.17
-79.83	-02.17
-80.84	-02.18
-80.88	-02.18
-79.78	-02.19
-79.89	-02.20
-80.95	-02.21
-79.96	-02.21
-79.78	-02.21
-79.92	-02.23
-80.92	-02.24
-79.94	-02.25
-79.82	-02.26
-80.90	-02.27
-79.85	-02.27
-79.78	-02.28
-80.89	-02.29
-79.96	-02.30
-80.85	-02.31
-79.85	-02.31
-80.88	-02.33
-80.80	-02.35
-79.99	-02.36
-79.84	-02.36
-79.79	-02.37
-80.75	-02.38
-80.04	-02.38
-79.86	-02.38
-80.70	-02.39
-80.67	-02.39
-80.64	-02.40
-79.75	-02.40
-80.07	-02.42
-79.82	-02.42
-79.76	-02.43
-79.67	-02.43
-79.65	-02.43
-80.61	-02.44
-80.15	-02.44
-79.86	-02.45
-79.72	-02.47
-79.69	-02.47
-79.65	-02.47
-80.52	-02.50
-80.17	-02.50
-79.87	-02.50
-79.74	-02.50
-79.67	-02.50
-79.69	-02.51
-80.15	-02.52
-79.85	-02.52
-79.61	-02.53
-79.70	-02.53
-79.68	-02.53
-80.24	-02.54
-80.16	-02.54
-79.75	-02.54
-80.21	-02.55
-80.13	-02.55
-79.65	-02.55
-79.86	-02.56
-79.73	-02.56
-80.49	-02.57
-80.18	-02.57
-79.76	-02.57
-80.13	-02.58
-79.67	-02.58
-80.21	-02.59
-80.16	-02.60
-79.72	-02.60
-80.45	-02.61
-80.24	-02.61
-79.75	-02.61
-79.68	-02.61
-80.20	-02.62
-80.41	-02.64
-80.22	-02.64
-80.35	-02.65
-79.75	-02.65
-79.68	-02.65
-79.72	-02.67
-80.29	-02.68
-79.65	-02.68
-79.73	-02.69
-80.21	-02.70
-79.70	-02.71
-80.25	-02.72
-79.75	-02.73
-80.22	-02.74
-79.75	-02.77
-79.77	-02.78
-79.76	-02.83
-79.79	-02.85
-79.78	-02.88
-79.81	-02.89
-79.81	-02.90
-79.80	-02.90
-79.80	-02.93
-79.81	-02.95
-79.82	-02.98
-79.83	-03.01
-79.83	-03.06
-79.85	-03.09
-79.87	-03.13
-79.89	-03.15
-79.91	-03.18
-79.92	-03.20
-79.94	-03.22
-79.96	-03.25
-79.99	-03.28
-80.00	-03.31
-80.00	-03.32
-80.00	-03.34
-80.01	-03.36
-80.31	-03.38
-80.31	-03.38
-79.99	-03.40
-80.02	-03.40
-80.25	-03.40
-80.31	-03.40
-80.27	-03.41
-79.98	-03.43
-80.05	-03.43
-80.16	-03.43
-80.19	-03.43
-80.22	-03.43
-80.10	-03.44
-80.33	-03.45
-80.37	-03.49
-80.49	-03.49
-80.42	-03.50
-80.55	-03.60
-80.57	-03.63
-80.60	-03.63
-80.62	-03.66
-80.65	-03.66
-80.68	-03.67
-80.67	-03.68
-80.72	-03.71
-80.75	-03.71
-80.79	-03.75
-80.82	-03.84
-80.83	-03.87
-80.96	-03.95
-80.97	-03.97
-80.98	-03.98
-80.99	-04.00
-80.99	-04.00
-81.01	-04.04
-81.04	-04.08
-81.05	-04.10
-81.10	-04.12
-81.13	-04.17
-81.14	-04.17
-81.23	-04.25
-81.26	-04.31
-81.25	-04.33
-81.25	-04.40
-81.28	-04.45
-81.29	-04.46
-81.30	-04.48
-81.28	-04.53
-81.27	-04.57
-81.28	-04.57
-81.30	-04.66
-81.32	-04.66
-81.32	-04.68
-81.17	-04.85
-81.13	-04.89
-81.14	-04.90
-81.13	-04.90
-81.13	-04.91
-81.08	-04.96
-81.05	-05.02
-81.06	-05.04
-81.07	-05.06
-81.07	-05.06
-81.13	-05.06
-81.12	-05.07
-81.12	-05.07
-81.13	-05.07
-81.14	-05.07
-81.15	-05.07
-81.08	-05.08
-81.11	-05.08
-81.10	-05.08
-81.17	-05.08
-81.16	-05.11
-81.16	-05.12
-81.17	-05.13
-81.16	-05.15
-81.16	-05.16
-81.17	-05.19
-81.19	-05.20
-81.13	-05.27
-81.12	-05.28
-81.11	-05.29
-81.08	-05.30
-81.10	-05.31
-81.05	-05.33
-81.01	-05.37
-80.95	-05.42
-80.89	-05.50
-80.85	-05.63
-80.85	-05.72
-80.87	-05.76
-81.07	-05.78
-81.08	-05.79
-80.89	-05.81
-80.77	-05.82
-81.08	-05.82
-80.87	-05.83
-80.73	-05.83
-81.02	-05.83
-80.89	-05.84
-80.94	-05.84
-81.10	-05.84
-81.12	-05.84
-80.75	-05.85
-80.82	-05.85
-80.77	-05.87
-80.73	-05.89
-81.14	-05.89
-81.15	-05.97
-81.11	-06.05
-81.09	-06.08
-80.88	-06.21
-80.78	-06.29
-80.71	-06.32
-80.62	-06.37
-80.54	-06.41
-80.18	-06.59
-80.06	-06.68
-79.97	-06.76
-79.94	-06.82
-79.93	-06.87
-79.86	-06.93
-79.86	-06.95
-79.79	-07.00
-79.68	-07.12
-79.69	-07.17
-79.61	-07.25
-79.58	-07.31
-79.58	-07.35
-79.57	-07.38
-79.56	-07.39
-79.58	-07.42
-79.57	-07.44
-79.57	-07.46
-79.53	-07.51
-79.54	-07.52
-79.49	-07.57
-79.43	-07.67
-79.43	-07.69
-79.46	-07.71
-79.38	-07.80
-79.38	-07.80
-79.37	-07.85
-79.30	-07.91
-79.30	-07.92
-79.18	-08.01
-79.11	-08.07
-79.12	-08.08
-79.04	-08.15
-78.98	-08.21
-78.98	-08.23
-78.96	-08.25
-78.95	-08.26
-78.95	-08.26
-78.96	-08.27
-78.95	-08.28
-78.95	-08.29
-78.94	-08.30
-78.94	-08.31
-78.92	-08.34
-78.90	-08.36
-78.89	-08.38
-78.93	-08.42
-78.91	-08.43
-78.91	-08.46
-78.84	-08.50
-78.77	-08.56
-78.75	-08.60
-78.73	-08.66
-78.74	-08.68
-78.73	-08.71
-78.74	-08.74
-78.76	-08.75
-78.76	-08.77
-78.64	-08.91
-78.64	-08.98
-78.65	-08.98
-78.65	-08.99
-78.65	-08.99
-78.61	-09.01
-78.63	-09.02
-78.63	-09.04
-78.62	-09.07
-78.59	-09.07
-78.57	-09.09
-78.55	-09.12
-78.55	-09.14
-78.56	-09.15
-78.61	-09.16
-78.57	-09.17
-78.54	-09.17
-78.56	-09.18
-78.50	-09.18
-78.59	-09.19
-78.57	-09.19
-78.58	-09.20
-78.56	-09.21
-78.48	-09.21
-78.57	-09.22
-78.55	-09.23
-78.49	-09.25
-78.52	-09.27
-78.49	-09.28
-78.45	-09.31
-78.47	-09.33
-78.40	-09.36
-78.42	-09.37
-78.43	-09.38
-78.42	-09.41
-78.39	-09.42
-78.40	-09.43
-78.38	-09.45
-78.39	-09.46
-78.38	-09.53
-78.36	-09.55
-78.36	-09.62
-78.35	-09.62
-78.29	-09.70
-78.29	-09.72
-78.22	-09.79
-78.23	-09.83
-78.23	-09.83
-78.23	-09.85
-78.24	-09.85
-78.24	-09.87
-78.22	-09.90
-78.22	-09.95
-78.20	-09.96
-78.16	-10.09
-78.18	-10.10
-78.09	-10.21
-78.08	-10.28
-78.05	-10.30
-78.05	-10.34
-78.00	-10.39
-78.01	-10.41
-77.90	-10.55
-77.90	-10.57
-77.85	-10.65
-77.80	-10.70
-77.80	-10.72
-77.76	-10.76
-77.76	-10.77
-77.74	-10.79
-77.75	-10.81
-77.70	-10.85
-77.70	-10.87
-77.65	-10.94
-77.66	-10.96
-77.64	-10.98
-77.64	-11.00
-77.66	-11.01
-77.64	-11.03
-77.63	-11.06
-77.63	-11.06
-77.62	-11.08
-77.63	-11.09
-77.61	-11.11
-77.62	-11.12
-77.59	-11.15
-77.59	-11.19
-77.59	-11.21
-77.64	-11.21
-77.64	-11.30
-77.49	-11.38
-77.34	-11.47
-77.34	-11.48
-77.31	-11.50
-77.30	-11.51
-77.29	-11.52
-77.29	-11.53
-77.28	-11.54
-77.27	-11.55
-77.27	-11.58
-77.28	-11.58
-77.21	-11.64
-77.19	-11.68
-77.19	-11.69
-77.16	-11.73
-77.19	-11.76
-77.17	-11.77
-77.19	-11.77
-77.18	-11.79
-77.17	-11.81
-77.18	-11.82
-77.18	-11.84
-77.17	-11.84
-77.17	-11.84
-77.16	-11.85
-77.15	-11.87
-77.15	-11.89
-77.14	-11.89
-77.14	-11.90
-77.14	-11.91
-77.14	-11.92
-77.14	-11.92
-77.13	-11.94
-77.13	-11.94
-77.13	-11.96
-77.13	-11.97
-77.13	-11.99
-77.13	-12.01
-77.14	-12.02
-77.14	-12.03
-77.14	-12.03
-77.14	-12.03
-77.14	-12.04
-77.14	-12.04
-77.14	-12.05
-77.15	-12.06
-77.15	-12.06
-77.16	-12.06
-77.15	-12.06
-77.14	-12.06
-77.17	-12.07
-77.17	-12.07
-77.16	-12.07
-77.16	-12.07
-77.13	-12.07
-77.11	-12.08
-77.06	-12.10
-77.03	-12.13
-77.02	-12.15
-77.02	-12.16
-77.03	-12.16
-77.03	-12.20
-76.93	-12.24
-76.83	-12.31
-76.77	-12.40
-76.80	-12.50
-76.73	-12.54
-76.73	-12.55
-76.70	-12.57
-76.70	-12.58
-76.70	-12.59
-76.67	-12.62
-76.67	-12.66
-76.65	-12.68
-76.65	-12.69
-76.63	-12.71
-76.63	-12.74
-76.51	-12.85
-76.50	-12.94
-76.51	-12.95
-76.47	-13.02
-76.48	-13.03
-76.39	-13.14
-76.24	-13.31
-76.24	-13.32
-76.23	-13.34
-76.18	-13.43
-76.19	-13.63
-76.28	-13.79
-76.32	-13.79
-76.34	-13.80
-76.35	-13.80
-76.37	-13.80
-76.36	-13.82
-76.30	-13.83
-76.38	-13.84
-76.26	-13.86
-76.31	-13.89
-76.39	-13.90
-76.27	-13.91
-76.32	-13.92
-76.29	-13.93
-76.27	-13.95
-76.27	-13.99
-76.28	-13.99
-76.26	-14.02
-76.27	-14.04
-76.25	-14.05
-76.28	-14.09
-76.25	-14.15
-76.22	-14.15
-76.27	-14.20
-76.13	-14.24
-76.13	-14.26
-76.10	-14.30
-76.10	-14.32
-76.14	-14.32
-76.12	-14.35
-76.06	-14.38
-76.04	-14.42
-75.97	-14.47
-75.96	-14.50
-75.97	-14.52
-75.93	-14.56
-75.92	-14.64
-75.91	-14.66
-75.85	-14.70
-75.85	-14.71
-75.78	-14.74
-75.68	-14.81
-75.51	-14.90
-75.49	-14.93
-75.50	-14.96
-75.44	-15.00
-75.36	-15.14
-75.32	-15.14
-75.27	-15.17
-75.23	-15.20
-75.21	-15.23
-75.25	-15.25
-75.22	-15.26
-75.23	-15.28
-75.19	-15.29
-75.16	-15.31
-75.15	-15.34
-75.15	-15.35
-75.18	-15.35
-75.19	-15.36
-75.08	-15.42
-75.07	-15.43
-75.07	-15.44
-75.05	-15.45
-75.00	-15.46
-74.98	-15.47
-74.97	-15.49
-74.90	-15.51
-74.85	-15.54
-74.84	-15.56
-74.75	-15.59
-74.68	-15.64
-74.54	-15.69
-74.46	-15.72
-74.46	-15.75
-74.44	-15.77
-74.43	-15.79
-74.40	-15.81
-74.37	-15.83
-74.28	-15.83
-74.32	-15.84
-74.24	-15.85
-74.24	-15.87
-74.18	-15.89
-74.04	-15.95
-74.02	-15.99
-74.03	-16.01
-73.87	-16.13
-73.72	-16.19
-73.69	-16.23
-73.60	-16.23
-73.48	-16.28
-73.45	-16.28
-73.32	-16.33
-73.30	-16.35
-73.30	-16.38
-73.29	-16.40
-73.26	-16.40
-73.22	-16.40
-73.26	-16.41
-73.22	-16.41
-73.16	-16.42
-73.13	-16.44
-73.10	-16.45
-73.05	-16.48
-73.05	-16.49
-73.03	-16.50
-72.99	-16.51
-72.92	-16.51
-72.83	-16.57
-72.77	-16.63
-72.72	-16.65
-72.61	-16.66
-72.44	-16.70
-72.29	-16.83
-72.28	-16.87
-72.20	-16.90
-72.10	-16.99
-72.11	-17.01
-72.03	-17.01
-71.92	-17.08
-71.86	-17.15
-71.80	-17.18
-71.69	-17.21
-71.59	-17.24
-71.57	-17.25
-71.55	-17.25
-71.54	-17.25
-71.53	-17.25
-71.56	-17.26
-71.53	-17.26
-71.51	-17.26
-71.52	-17.27
-71.50	-17.27
-71.50	-17.28
-71.49	-17.28
-71.47	-17.29
-71.47	-17.32
-71.43	-17.34
-71.43	-17.36
-71.39	-17.38
-71.38	-17.42
-71.38	-17.43
-71.37	-17.47
-71.36	-17.48
-71.35	-17.59
-71.34	-17.61
-71.34	-17.63
-71.35	-17.69
-71.38	-17.71
-71.18	-17.78
-71.16	-17.81
-71.13	-17.82
-71.10	-17.84
-71.09	-17.86
-71.00	-17.87
-71.02	-17.88
-70.88	-17.96
-70.88	-18.00
-70.81	-18.03
-70.72	-18.11
-70.67	-18.16
-70.52	-18.24
-70.43	-18.30
-70.37	-18.35
-70.31	-18.41
-70.31	-18.53
-70.31	-18.84
-70.31	-19.03
-70.26	-19.15
-70.29	-19.29
-70.17	-19.46
-70.23	-19.60
-70.11	-19.71
-70.11	-20.00

